   1.1947882e+00   5.2713852e-05   2.8588828e-05   7.6838876e-05
   1.2065485e+00   5.4678080e-05   2.9637186e-05   7.9718975e-05
   1.2183088e+00   5.6652421e-05   3.0974775e-05   8.2330066e-05
   1.2300691e+00   5.8323552e-05   3.2909498e-05   8.3737606e-05
   1.2418294e+00   5.9631024e-05   3.4977146e-05   8.4284903e-05
   1.2535897e+00   6.0764798e-05   3.6260889e-05   8.5268707e-05
   1.2653500e+00   6.2114395e-05   3.7104008e-05   8.7124781e-05
   1.2771103e+00   6.3763401e-05   3.8267623e-05   8.9259178e-05
   1.2888706e+00   6.5703294e-05   4.0102730e-05   9.1303858e-05
   1.3006309e+00   6.7669795e-05   4.2105460e-05   9.3234131e-05
   1.3123912e+00   6.9423188e-05   4.3940950e-05   9.4905427e-05
   1.3241515e+00   7.0999949e-05   4.5578986e-05   9.6420911e-05
   1.3359118e+00   7.2583685e-05   4.7106539e-05   9.8060831e-05
   1.3476721e+00   7.4279040e-05   4.8339971e-05   1.0021811e-04
   1.3594324e+00   7.6126344e-05   4.9371509e-05   1.0288118e-04
   1.3711927e+00   7.8088907e-05   5.0506715e-05   1.0567110e-04
   1.3829530e+00   8.0107343e-05   5.2090582e-05   1.0812410e-04
   1.3947133e+00   8.2129340e-05   5.4169451e-05   1.1008923e-04
   1.4064736e+00   8.4178203e-05   5.6537985e-05   1.1181842e-04
   1.4182339e+00   8.6379841e-05   5.8926372e-05   1.1383331e-04
   1.4299942e+00   8.8776077e-05   6.1233561e-05   1.1631859e-04
   1.4417545e+00   9.1239973e-05   6.3364523e-05   1.1911542e-04
   1.4535148e+00   9.3571148e-05   6.5395554e-05   1.2174674e-04
   1.4652752e+00   9.5791209e-05   6.7478380e-05   1.2410404e-04
   1.4770355e+00   9.8057050e-05   6.9645823e-05   1.2646828e-04
   1.4887958e+00   1.0067333e-04   7.2239762e-05   1.2910690e-04
   1.5005561e+00   1.0382194e-04   7.5545642e-05   1.3209824e-04
   1.5123164e+00   1.0749569e-04   7.9393759e-05   1.3559761e-04
   1.5240767e+00   1.1141034e-04   8.3151439e-05   1.3966924e-04
   1.5358370e+00   1.1527330e-04   8.6298849e-05   1.4424776e-04
   1.5475973e+00   1.1885982e-04   8.9235896e-05   1.4848374e-04
   1.5593576e+00   1.2206738e-04   9.2437145e-05   1.5169762e-04
   1.5711179e+00   1.2505187e-04   9.5964168e-05   1.5413956e-04
   1.5828782e+00   1.2797743e-04   9.9238114e-05   1.5671675e-04
   1.5946385e+00   1.3093547e-04   1.0208807e-04   1.5978287e-04
   1.6063988e+00   1.3387281e-04   1.0477200e-04   1.6297363e-04
   1.6181591e+00   1.3673750e-04   1.0730242e-04   1.6617257e-04
   1.6299194e+00   1.3949902e-04   1.0967909e-04   1.6931895e-04
   1.6416797e+00   1.4238956e-04   1.1231174e-04   1.7246738e-04
   1.6534400e+00   1.4551664e-04   1.1521153e-04   1.7582174e-04
   1.6652003e+00   1.4890543e-04   1.1842707e-04   1.7938380e-04
   1.6769606e+00   1.5248173e-04   1.2191489e-04   1.8304858e-04
   1.6887209e+00   1.5608003e-04   1.2561845e-04   1.8654160e-04
   1.7004812e+00   1.5956617e-04   1.2924608e-04   1.8988627e-04
   1.7122415e+00   1.6292262e-04   1.3245612e-04   1.9338913e-04
   1.7240018e+00   1.6621136e-04   1.3514816e-04   1.9727456e-04
   1.7357622e+00   1.6955429e-04   1.3805183e-04   2.0105675e-04
   1.7475225e+00   1.7301100e-04   1.4144433e-04   2.0457768e-04
   1.7592828e+00   1.7659713e-04   1.4524897e-04   2.0794528e-04
   1.7710431e+00   1.8039741e-04   1.4930925e-04   2.1148557e-04
   1.7828034e+00   1.8435125e-04   1.5358992e-04   2.1511257e-04
   1.7945637e+00   1.8846449e-04   1.5817723e-04   2.1875176e-04
   1.8063240e+00   1.9260732e-04   1.6296779e-04   2.2224685e-04
   1.8180843e+00   1.9671194e-04   1.6767565e-04   2.2574822e-04
   1.8298446e+00   2.0072873e-04   1.7226779e-04   2.2918967e-04
   1.8416049e+00   2.0454542e-04   1.7660915e-04   2.3248169e-04
   1.8533652e+00   2.0830444e-04   1.8102014e-04   2.3558873e-04
   1.8651255e+00   2.1213674e-04   1.8537427e-04   2.3889921e-04
   1.8768858e+00   2.1628928e-04   1.9001208e-04   2.4256649e-04
   1.8886461e+00   2.2077036e-04   1.9480016e-04   2.4674055e-04
   1.9004064e+00   2.2553984e-04   1.9943608e-04   2.5164359e-04
   1.9121667e+00   2.3039962e-04   2.0369148e-04   2.5710777e-04
   1.9239270e+00   2.3516519e-04   2.0757403e-04   2.6275635e-04
   1.9356873e+00   2.3974075e-04   2.1141487e-04   2.6806662e-04
   1.9474476e+00   2.4410980e-04   2.1530067e-04   2.7291893e-04
   1.9592079e+00   2.4830384e-04   2.1915655e-04   2.7745113e-04
   1.9709682e+00   2.5255391e-04   2.2298235e-04   2.8212548e-04
   1.9827285e+00   2.5699705e-04   2.2687671e-04   2.8711739e-04
   1.9944888e+00   2.6164212e-04   2.3069788e-04   2.9258636e-04
   2.0062491e+00   2.6639503e-04   2.3448892e-04   2.9830113e-04
   2.0180095e+00   2.7122488e-04   2.3840721e-04   3.0404255e-04
   2.0297698e+00   2.7589743e-04   2.4238657e-04   3.0940829e-04
   2.0415301e+00   2.8046794e-04   2.4637292e-04   3.1456296e-04
   2.0532904e+00   2.8498329e-04   2.5022556e-04   3.1974101e-04
   2.0650507e+00   2.8947513e-04   2.5380935e-04   3.2514090e-04
   2.0768110e+00   2.9407691e-04   2.5721572e-04   3.3093810e-04
   2.0885713e+00   2.9884979e-04   2.6050001e-04   3.3719957e-04
   2.1003316e+00   3.0371665e-04   2.6341524e-04   3.4401806e-04
   2.1120919e+00   3.0855514e-04   2.6596114e-04   3.5114915e-04
   2.1238522e+00   3.1302921e-04   2.6787630e-04   3.5818213e-04
   2.1356125e+00   3.1692714e-04   2.6922668e-04   3.6462759e-04
   2.1473728e+00   3.2013338e-04   2.7002422e-04   3.7024255e-04
   2.1591331e+00   3.2258347e-04   2.7061996e-04   3.7454698e-04
   2.1708934e+00   3.2434853e-04   2.7109100e-04   3.7760607e-04
   2.1826537e+00   3.2545084e-04   2.7162529e-04   3.7927639e-04
   2.1944140e+00   3.2586641e-04   2.7196581e-04   3.7976702e-04
   2.2061743e+00   3.2562440e-04   2.7198127e-04   3.7926752e-04
   2.2179346e+00   3.2468286e-04   2.7174092e-04   3.7762481e-04
   2.2296949e+00   3.2309117e-04   2.7131026e-04   3.7487208e-04
   2.2414552e+00   3.2097586e-04   2.7100738e-04   3.7094435e-04
   2.2532155e+00   3.1835772e-04   2.7072964e-04   3.6598580e-04
   2.2649758e+00   3.1549467e-04   2.7036681e-04   3.6062253e-04
   2.2767361e+00   3.1246961e-04   2.6980737e-04   3.5513186e-04
   2.2884965e+00   3.0940871e-04   2.6886833e-04   3.4994909e-04
   2.3002568e+00   3.0633645e-04   2.6753395e-04   3.4513894e-04
   2.3120171e+00   3.0326326e-04   2.6561714e-04   3.4090938e-04
   2.3237774e+00   3.0014406e-04   2.6314340e-04   3.3714471e-04
   2.3355377e+00   2.9699054e-04   2.6021879e-04   3.3376228e-04
   2.3472980e+00   2.9385892e-04   2.5692631e-04   3.3079153e-04
   2.3590583e+00   2.9083866e-04   2.5380427e-04   3.2787305e-04
   2.3708186e+00   2.8798737e-04   2.5117736e-04   3.2479737e-04
   2.3825789e+00   2.8532825e-04   2.4916584e-04   3.2149066e-04
   2.3943392e+00   2.8293748e-04   2.4773014e-04   3.1814482e-04
   2.4060995e+00   2.8071487e-04   2.4652323e-04   3.1490650e-04
   2.4178598e+00   2.7859231e-04   2.4507645e-04   3.1210818e-04
   2.4296201e+00   2.7644026e-04   2.4310306e-04   3.0977746e-04
   2.4413804e+00   2.7425266e-04   2.4059652e-04   3.0790880e-04
   2.4531407e+00   2.7197259e-04   2.3770341e-04   3.0624177e-04
   2.4649010e+00   2.6957240e-04   2.3454968e-04   3.0459512e-04
   2.4766613e+00   2.6718892e-04   2.3165916e-04   3.0271868e-04
   2.4884216e+00   2.6483319e-04   2.2901919e-04   3.0064719e-04
   2.5001819e+00   2.6248458e-04   2.2676194e-04   2.9820722e-04
   2.5119422e+00   2.6018068e-04   2.2477454e-04   2.9558683e-04
   2.5237025e+00   2.5784583e-04   2.2295225e-04   2.9273941e-04
   2.5354628e+00   2.5547512e-04   2.2113221e-04   2.8981804e-04
   2.5472231e+00   2.5301487e-04   2.1915231e-04   2.8687743e-04
   2.5589834e+00   2.5057622e-04   2.1705241e-04   2.8410003e-04
   2.5707438e+00   2.4817389e-04   2.1476664e-04   2.8158114e-04
   2.5825041e+00   2.4588207e-04   2.1234914e-04   2.7941500e-04
   2.5942644e+00   2.4378067e-04   2.0990391e-04   2.7765743e-04
   2.6060247e+00   2.4192367e-04   2.0745513e-04   2.7639220e-04
   2.6177850e+00   2.4024512e-04   2.0502586e-04   2.7546438e-04
   2.6295453e+00   2.3876056e-04   2.0270641e-04   2.7481471e-04
   2.6413056e+00   2.3739455e-04   2.0047580e-04   2.7431330e-04
   2.6530659e+00   2.3607147e-04   1.9837926e-04   2.7376369e-04
   2.6648262e+00   2.3470291e-04   1.9641442e-04   2.7299139e-04
   2.6765865e+00   2.3317711e-04   1.9463034e-04   2.7172388e-04
   2.6883468e+00   2.3150783e-04   1.9290823e-04   2.7010743e-04
   2.7001071e+00   2.2968167e-04   1.9129146e-04   2.6807187e-04
   2.7118674e+00   2.2776265e-04   1.8971927e-04   2.6580603e-04
   2.7236277e+00   2.2581490e-04   1.8804283e-04   2.6358696e-04
   2.7353880e+00   2.2386814e-04   1.8618308e-04   2.6155320e-04
   2.7471483e+00   2.2202749e-04   1.8417506e-04   2.5987993e-04
   2.7589086e+00   2.2029072e-04   1.8209743e-04   2.5848402e-04
   2.7706689e+00   2.1869580e-04   1.8006569e-04   2.5732592e-04
   2.7824292e+00   2.1719179e-04   1.7814578e-04   2.5623780e-04
   2.7941895e+00   2.1579998e-04   1.7642742e-04   2.5517255e-04
   2.8059498e+00   2.1453583e-04   1.7508302e-04   2.5398864e-04
   2.8177101e+00   2.1338439e-04   1.7409444e-04   2.5267434e-04
   2.8294704e+00   2.1241012e-04   1.7350689e-04   2.5131335e-04
   2.8412308e+00   2.1167433e-04   1.7329472e-04   2.5005393e-04
   2.8529911e+00   2.1125273e-04   1.7344763e-04   2.4905783e-04
   2.8647514e+00   2.1120010e-04   1.7385506e-04   2.4854514e-04
   2.8765117e+00   2.1153956e-04   1.7446973e-04   2.4860940e-04
   2.8882720e+00   2.1223887e-04   1.7516922e-04   2.4930853e-04
   2.9000323e+00   2.1334965e-04   1.7611349e-04   2.5058580e-04
   2.9117926e+00   2.1485711e-04   1.7732565e-04   2.5238857e-04
   2.9235529e+00   2.1679080e-04   1.7892851e-04   2.5465310e-04
   2.9353132e+00   2.1916653e-04   1.8102677e-04   2.5730628e-04
   2.9470735e+00   2.2201738e-04   1.8368202e-04   2.6035275e-04
   2.9588338e+00   2.2533687e-04   1.8682139e-04   2.6385235e-04
   2.9705941e+00   2.2916170e-04   1.9052712e-04   2.6779628e-04
   2.9823544e+00   2.3354766e-04   1.9469300e-04   2.7240232e-04
   2.9941147e+00   2.3851611e-04   1.9934294e-04   2.7768929e-04
   3.0058750e+00   2.4410309e-04   2.0443174e-04   2.8377444e-04
   3.0176353e+00   2.5036564e-04   2.1008070e-04   2.9065058e-04
   3.0293956e+00   2.5736669e-04   2.1641015e-04   2.9832322e-04
   3.0411559e+00   2.6507466e-04   2.2354751e-04   3.0660181e-04
   3.0529162e+00   2.7358548e-04   2.3166221e-04   3.1550876e-04
   3.0646765e+00   2.8291023e-04   2.4079608e-04   3.2502437e-04
   3.0764368e+00   2.9308142e-04   2.5101953e-04   3.3514331e-04
   3.0881971e+00   3.0415148e-04   2.6227697e-04   3.4602598e-04
   3.0999574e+00   3.1618952e-04   2.7464958e-04   3.5772946e-04
   3.1117177e+00   3.2925722e-04   2.8813808e-04   3.7037636e-04
   3.1234781e+00   3.4347581e-04   3.0289599e-04   3.8405563e-04
   3.1352384e+00   3.5894517e-04   3.1903867e-04   3.9885167e-04
   3.1469987e+00   3.7577502e-04   3.3662893e-04   4.1492110e-04
   3.1587590e+00   3.9408536e-04   3.5576078e-04   4.3240993e-04
   3.1705193e+00   4.1401318e-04   3.7650697e-04   4.5151938e-04
   3.1822796e+00   4.3565325e-04   3.9882997e-04   4.7247652e-04
   3.1940399e+00   4.5914982e-04   4.2273653e-04   4.9556311e-04
   3.2058002e+00   4.8454015e-04   4.4829201e-04   5.2078828e-04
   3.2175605e+00   5.1188245e-04   4.7553672e-04   5.4822818e-04
   3.2293208e+00   5.4117418e-04   5.0441027e-04   5.7793809e-04
   3.2410811e+00   5.7237330e-04   5.3486078e-04   6.0988582e-04
   3.2528414e+00   6.0548998e-04   5.6679714e-04   6.4418281e-04
   3.2646017e+00   6.4042493e-04   6.0013627e-04   6.8071360e-04
   3.2763620e+00   6.7719791e-04   6.3483022e-04   7.1956560e-04
   3.2881223e+00   7.1585460e-04   6.7117418e-04   7.6053503e-04
   3.2998826e+00   7.5640799e-04   7.0931651e-04   8.0349947e-04
   3.3116429e+00   7.9892916e-04   7.4954958e-04   8.4830873e-04
   3.3234032e+00   8.4353999e-04   7.9217804e-04   8.9490194e-04
   3.3351635e+00   8.9021037e-04   8.3723473e-04   9.4318602e-04
   3.3469238e+00   9.3898814e-04   8.8472303e-04   9.9325325e-04
   3.3586841e+00   9.8983651e-04   9.3461849e-04   1.0450545e-03
   3.3704444e+00   1.0426881e-03   9.8679601e-04   1.0985802e-03
   3.3822047e+00   1.0974413e-03   1.0412315e-03   1.1536512e-03
   3.3939651e+00   1.1539335e-03   1.0976213e-03   1.2102457e-03
   3.4057254e+00   1.2120164e-03   1.1558658e-03   1.2681670e-03
   3.4174857e+00   1.2714930e-03   1.2158193e-03   1.3271666e-03
   3.4292460e+00   1.3320928e-03   1.2772182e-03   1.3869674e-03
   3.4410063e+00   1.3936065e-03   1.3399060e-03   1.4473070e-03
   3.4527666e+00   1.4558107e-03   1.4036167e-03   1.5080048e-03
   3.4645269e+00   1.5184803e-03   1.4681873e-03   1.5687734e-03
   3.4762872e+00   1.5814474e-03   1.5333169e-03   1.6295779e-03
   3.4880475e+00   1.6444201e-03   1.5985969e-03   1.6902433e-03
   3.4998078e+00   1.7072629e-03   1.6635599e-03   1.7509659e-03
   3.5115681e+00   1.7696724e-03   1.7277820e-03   1.8115629e-03
   3.5233284e+00   1.8314763e-03   1.7908676e-03   1.8720851e-03
   3.5350887e+00   1.8923940e-03   1.8525195e-03   1.9322685e-03
   3.5468490e+00   1.9521736e-03   1.9126171e-03   1.9917301e-03
   3.5586093e+00   2.0105534e-03   1.9709610e-03   2.0501459e-03
   3.5703696e+00   2.0672621e-03   2.0274079e-03   2.1071164e-03
   3.5821299e+00   2.1220515e-03   2.0817336e-03   2.1623694e-03
   3.5938902e+00   2.1746438e-03   2.1337407e-03   2.2155469e-03
   3.6056505e+00   2.2247788e-03   2.1830459e-03   2.2665117e-03
   3.6174108e+00   2.2722040e-03   2.2294855e-03   2.3149226e-03
   3.6291711e+00   2.3165995e-03   2.2728286e-03   2.3603704e-03
   3.6409314e+00   2.3577636e-03   2.3129220e-03   2.4026052e-03
   3.6526917e+00   2.3954225e-03   2.3496404e-03   2.4412046e-03
   3.6644520e+00   2.4293188e-03   2.3827471e-03   2.4758905e-03
   3.6762124e+00   2.4592566e-03   2.4121516e-03   2.5063616e-03
   3.6879727e+00   2.4850111e-03   2.4376626e-03   2.5323596e-03
   3.6997330e+00   2.5064216e-03   2.4592197e-03   2.5536234e-03
   3.7114933e+00   2.5233896e-03   2.4766649e-03   2.5701143e-03
   3.7232536e+00   2.5357713e-03   2.4899628e-03   2.5815798e-03
   3.7350139e+00   2.5435552e-03   2.4989192e-03   2.5881912e-03
   3.7467742e+00   2.5467282e-03   2.5034491e-03   2.5900074e-03
   3.7585345e+00   2.5453216e-03   2.5033078e-03   2.5873354e-03
   3.7702948e+00   2.5394016e-03   2.4983147e-03   2.5804885e-03
   3.7820551e+00   2.5290086e-03   2.4882970e-03   2.5697202e-03
   3.7938154e+00   2.5143038e-03   2.4733679e-03   2.5552398e-03
   3.8055757e+00   2.4953649e-03   2.4537236e-03   2.5370063e-03
   3.8173360e+00   2.4724000e-03   2.4297107e-03   2.5150893e-03
   3.8290963e+00   2.4455429e-03   2.4017191e-03   2.4893668e-03
   3.8408566e+00   2.4149816e-03   2.3701114e-03   2.4598518e-03
   3.8526169e+00   2.3809348e-03   2.3351425e-03   2.4267271e-03
   3.8643772e+00   2.3436114e-03   2.2971035e-03   2.3901192e-03
   3.8761375e+00   2.3032564e-03   2.2562136e-03   2.3502992e-03
   3.8878978e+00   2.2600520e-03   2.2126113e-03   2.3074928e-03
   3.8996581e+00   2.2142805e-03   2.1664176e-03   2.2621434e-03
   3.9114184e+00   2.1661631e-03   2.1177353e-03   2.2145910e-03
   3.9231787e+00   2.1159417e-03   2.0667429e-03   2.1651404e-03
   3.9349390e+00   2.0638493e-03   2.0135250e-03   2.1141736e-03
   3.9466994e+00   2.0100982e-03   1.9583115e-03   2.0618848e-03
   3.9584597e+00   1.9549644e-03   1.9014278e-03   2.0085010e-03
   3.9702200e+00   1.8986647e-03   1.8432026e-03   1.9541269e-03
   3.9819803e+00   1.8414219e-03   1.7839710e-03   1.8988729e-03
   3.9937406e+00   1.7834736e-03   1.7241585e-03   1.8427888e-03
   4.0055009e+00   1.7250928e-03   1.6640763e-03   1.7861094e-03
   4.0172612e+00   1.6664987e-03   1.6040541e-03   1.7289433e-03
   4.0290215e+00   1.6079175e-03   1.5442798e-03   1.6715552e-03
   4.0407818e+00   1.5495967e-03   1.4850956e-03   1.6140977e-03
   4.0525421e+00   1.4917185e-03   1.4267495e-03   1.5566875e-03
   4.0643024e+00   1.4344887e-03   1.3694815e-03   1.4994958e-03
   4.0760627e+00   1.3780482e-03   1.3134450e-03   1.4426515e-03
   4.0878230e+00   1.3225646e-03   1.2588318e-03   1.3862975e-03
   4.0995833e+00   1.2682151e-03   1.2058501e-03   1.3305802e-03
   4.1113436e+00   1.2150945e-03   1.1544909e-03   1.2756980e-03
   4.1231039e+00   1.1633512e-03   1.1048532e-03   1.2218492e-03
   4.1348642e+00   1.1130853e-03   1.0568509e-03   1.1693197e-03
   4.1466245e+00   1.0643885e-03   1.0104726e-03   1.1183044e-03
   4.1583848e+00   1.0173363e-03   9.6558787e-04   1.0690848e-03
   4.1701451e+00   9.7198932e-04   9.2212449e-04   1.0218541e-03
   4.1819054e+00   9.2837564e-04   8.8006875e-04   9.7668253e-04
   4.1936657e+00   8.8654105e-04   8.3940467e-04   9.3367744e-04
   4.2054260e+00   8.4647070e-04   8.0020526e-04   8.9273615e-04
   4.2171863e+00   8.0817262e-04   7.6242891e-04   8.5391633e-04
   4.2289467e+00   7.7163059e-04   7.2620712e-04   8.1705406e-04
   4.2407070e+00   7.3681104e-04   6.9146582e-04   7.8215625e-04
   4.2524673e+00   7.0365129e-04   6.5827303e-04   7.4902954e-04
   4.2642276e+00   6.7214168e-04   6.2663711e-04   7.1764626e-04
   4.2759879e+00   6.4215453e-04   5.9638443e-04   6.8792462e-04
   4.2877482e+00   6.1366567e-04   5.6757180e-04   6.5975955e-04
   4.2995085e+00   5.8659932e-04   5.4016066e-04   6.3303798e-04
   4.3112688e+00   5.6089588e-04   5.1416311e-04   6.0762865e-04
   4.3230291e+00   5.3650981e-04   4.8947810e-04   5.8354151e-04
   4.3347894e+00   5.1335367e-04   4.6616178e-04   5.6054556e-04
   4.3465497e+00   4.9138345e-04   4.4408960e-04   5.3867730e-04
   4.3583100e+00   4.7055037e-04   4.2319674e-04   5.1790399e-04
   4.3700703e+00   4.5078633e-04   4.0358143e-04   4.9799123e-04
   4.3818306e+00   4.3206060e-04   3.8503215e-04   4.7908904e-04
   4.3935909e+00   4.1430614e-04   3.6761823e-04   4.6099405e-04
   4.4053512e+00   3.9750133e-04   3.5130595e-04   4.4369672e-04
   4.4171115e+00   3.8162176e-04   3.3606614e-04   4.2717738e-04
   4.4288718e+00   3.6661548e-04   3.2178968e-04   4.1144128e-04
   4.4406321e+00   3.5248703e-04   3.0846483e-04   3.9650924e-04
   4.4523924e+00   3.3919580e-04   2.9608992e-04   3.8230168e-04
   4.4641527e+00   3.2671540e-04   2.8453636e-04   3.6889444e-04
   4.4759130e+00   3.1501016e-04   2.7368330e-04   3.5633702e-04
   4.4876733e+00   3.0405917e-04   2.6353668e-04   3.4458166e-04
   4.4994337e+00   2.9380637e-04   2.5400316e-04   3.3360957e-04
   4.5111940e+00   2.8420819e-04   2.4498418e-04   3.2343219e-04
   4.5229543e+00   2.7524697e-04   2.3646410e-04   3.1402984e-04
   4.5347146e+00   2.6685748e-04   2.2842025e-04   3.0529472e-04
   4.5464749e+00   2.5900410e-04   2.2076665e-04   2.9724155e-04
   4.5582352e+00   2.5164142e-04   2.1353345e-04   2.8974939e-04
   4.5699955e+00   2.4472681e-04   2.0664744e-04   2.8280619e-04
   4.5817558e+00   2.3824361e-04   2.0017146e-04   2.7631577e-04
   4.5935161e+00   2.3212291e-04   1.9397999e-04   2.7026583e-04
   4.6052764e+00   2.2636591e-04   1.8816657e-04   2.6456525e-04
   4.6170367e+00   2.2091832e-04   1.8268373e-04   2.5915291e-04
   4.6287970e+00   2.1575730e-04   1.7752149e-04   2.5399312e-04
   4.6405573e+00   2.1083985e-04   1.7263793e-04   2.4904177e-04
   4.6523176e+00   2.0617360e-04   1.6804427e-04   2.4430293e-04
   4.6640779e+00   2.0172147e-04   1.6369582e-04   2.3974713e-04
   4.6758382e+00   1.9746452e-04   1.5954738e-04   2.3538166e-04
   4.6875985e+00   1.9340596e-04   1.5558274e-04   2.3122917e-04
   4.6993588e+00   1.8951554e-04   1.5177161e-04   2.2725948e-04
   4.7111191e+00   1.8577995e-04   1.4809540e-04   2.2346451e-04
   4.7228794e+00   1.8218397e-04   1.4453064e-04   2.1983730e-04
   4.7346397e+00   1.7870065e-04   1.4106918e-04   2.1633212e-04
   4.7464000e+00   1.7532367e-04   1.3771918e-04   2.1292817e-04
   4.7581603e+00   1.7202578e-04   1.3445232e-04   2.0959924e-04
   4.7699206e+00   1.6880635e-04   1.3130646e-04   2.0630624e-04
   4.7816810e+00   1.6564851e-04   1.2828056e-04   2.0301645e-04
   4.7934413e+00   1.6251518e-04   1.2531277e-04   1.9971760e-04
   4.8052016e+00   1.5944473e-04   1.2245257e-04   1.9643689e-04
   4.8169619e+00   1.5639809e-04   1.1967429e-04   1.9312190e-04
   4.8287222e+00   1.5336893e-04   1.1695648e-04   1.8978139e-04
   4.8404825e+00   1.5037772e-04   1.1428134e-04   1.8647410e-04
   4.8522428e+00   1.4739283e-04   1.1162852e-04   1.8315714e-04
   4.8640031e+00   1.4444549e-04   1.0899633e-04   1.7989465e-04
   4.8757634e+00   1.4152018e-04   1.0638308e-04   1.7665729e-04
   4.8875237e+00   1.3859860e-04   1.0375227e-04   1.7344492e-04
   4.8992840e+00   1.3571288e-04   1.0115981e-04   1.7026594e-04
   4.9110443e+00   1.3285628e-04   9.8605409e-05   1.6710715e-04
   4.9228046e+00   1.3003331e-04   9.6119779e-05   1.6394683e-04
   4.9345649e+00   1.2725496e-04   9.3727957e-05   1.6078197e-04
   4.9463252e+00   1.2452357e-04   9.1442654e-05   1.5760448e-04
   4.9580855e+00   1.2185726e-04   8.9318179e-05   1.5439633e-04
   4.9698458e+00   1.1926061e-04   8.7372024e-05   1.5114920e-04
   4.9816061e+00   1.1673445e-04   8.5542686e-05   1.4792621e-04
   4.9933664e+00   1.1429067e-04   8.3898453e-05   1.4468290e-04
   5.0051267e+00   1.1193037e-04   8.2399521e-05   1.4146123e-04
   5.0168870e+00   1.0965822e-04   8.0996173e-05   1.3832027e-04
   5.0286473e+00   1.0747613e-04   7.9714596e-05   1.3523766e-04
   5.0404076e+00   1.0536998e-04   7.8471191e-05   1.3226877e-04
   5.0521680e+00   1.0335572e-04   7.7291079e-05   1.2942035e-04
   5.0639283e+00   1.0139566e-04   7.6106827e-05   1.2668449e-04
   5.0756886e+00   9.9519500e-05   7.4894348e-05   1.2414465e-04
   5.0874489e+00   9.7696159e-05   7.3674537e-05   1.2171778e-04
   5.0992092e+00   9.5924367e-05   7.2400495e-05   1.1944824e-04
   5.1109695e+00   9.4209575e-05   7.1102535e-05   1.1731661e-04
   5.1227298e+00   9.2534498e-05   6.9741672e-05   1.1532732e-04
   5.1344901e+00   9.0885717e-05   6.8364041e-05   1.1340739e-04
   5.1462504e+00   8.9277988e-05   6.6946892e-05   1.1160908e-04
   5.1580107e+00   8.7710295e-05   6.5517592e-05   1.0990300e-04
   5.1697710e+00   8.6165537e-05   6.4085932e-05   1.0824514e-04
   5.1815313e+00   8.4634077e-05   6.2635019e-05   1.0663314e-04
   5.1932916e+00   8.3116154e-05   6.1180678e-05   1.0505163e-04
   5.2050519e+00   8.1609025e-05   5.9717508e-05   1.0350054e-04
   5.2168122e+00   8.0123080e-05   5.8292571e-05   1.0195359e-04
   5.2285725e+00   7.8630117e-05   5.6842955e-05   1.0041728e-04
   5.2403328e+00   7.7152166e-05   5.5413934e-05   9.8890399e-05
   5.2520931e+00   7.5671998e-05   5.3966933e-05   9.7377063e-05
   5.2638534e+00   7.4202023e-05   5.2521101e-05   9.5882945e-05
   5.2756137e+00   7.2727696e-05   5.1049325e-05   9.4406067e-05
   5.2873740e+00   7.1264141e-05   4.9579023e-05   9.2949258e-05
   5.2991343e+00   6.9820696e-05   4.8080479e-05   9.1560914e-05
   5.3108946e+00   6.8385198e-05   4.6574426e-05   9.0195969e-05
   5.3226550e+00   6.6975455e-05   4.5049288e-05   8.8901623e-05
   5.3344153e+00   6.5592652e-05   4.3498091e-05   8.7687214e-05
   5.3461756e+00   6.4240337e-05   4.1948232e-05   8.6532442e-05
   5.3579359e+00   6.2930936e-05   4.0417710e-05   8.5444163e-05
   5.3696962e+00   6.1640386e-05   3.8918143e-05   8.4362630e-05
   5.3814565e+00   6.0392744e-05   3.7430640e-05   8.3354848e-05
   5.3932168e+00   5.9176821e-05   3.5993914e-05   8.2359727e-05
   5.4049771e+00   5.7997822e-05   3.4624206e-05   8.1371439e-05
   5.4167374e+00   5.6858859e-05   3.3321795e-05   8.0395923e-05
   5.4284977e+00   5.5736176e-05   3.2100206e-05   7.9372146e-05
   5.4402580e+00   5.4649650e-05   3.0952791e-05   7.8346509e-05
   5.4520183e+00   5.3583074e-05   2.9880648e-05   7.7285500e-05
   5.4637786e+00   5.2541305e-05   2.8896212e-05   7.6186398e-05
   5.4755389e+00   5.1513737e-05   2.8005123e-05   7.5022351e-05
   5.4872992e+00   5.0498695e-05   2.7151190e-05   7.3846200e-05
   5.4990595e+00   4.9500133e-05   2.6366992e-05   7.2633275e-05
   5.5108198e+00   4.8491546e-05   2.5643946e-05   7.1339145e-05
   5.5225801e+00   4.7502406e-05   2.4967134e-05   7.0037677e-05
   5.5343404e+00   4.6513132e-05   2.4336372e-05   6.8689893e-05
   5.5461007e+00   4.5526246e-05   2.3748289e-05   6.7304204e-05
   5.5578610e+00   4.4536970e-05   2.3153197e-05   6.5920742e-05
   5.5696213e+00   4.3548999e-05   2.2608420e-05   6.4489577e-05
   5.5813816e+00   4.2565769e-05   2.2071234e-05   6.3060304e-05
   5.5931419e+00   4.1585902e-05   2.1546591e-05   6.1625214e-05
   5.6049023e+00   4.0619812e-05   2.1025662e-05   6.0213961e-05
   5.6166626e+00   3.9654762e-05   2.0544934e-05   5.8764589e-05
   5.6284229e+00   3.8697653e-05   2.0052545e-05   5.7342761e-05
   5.6401832e+00   3.7749084e-05   1.9562344e-05   5.5935823e-05
   5.6519435e+00   3.6810314e-05   1.9088325e-05   5.4532304e-05
   5.6637038e+00   3.5887861e-05   1.8633246e-05   5.3142477e-05
   5.6754641e+00   3.4970082e-05   1.8133845e-05   5.1806318e-05
   5.6872244e+00   3.4071830e-05   1.7659924e-05   5.0483735e-05
   5.6989847e+00   3.3194271e-05   1.7181623e-05   4.9206920e-05
   5.7107450e+00   3.2325877e-05   1.6688504e-05   4.7963249e-05
   5.7225053e+00   3.1469874e-05   1.6180567e-05   4.6759182e-05
   5.7342656e+00   3.0633754e-05   1.5659024e-05   4.5608484e-05
   5.7460259e+00   2.9805718e-05   1.5114767e-05   4.4496669e-05
   5.7577862e+00   2.8986097e-05   1.4559790e-05   4.3412404e-05
   5.7695465e+00   2.8192712e-05   1.3996101e-05   4.2389323e-05
   5.7813068e+00   2.7411887e-05   1.3417645e-05   4.1406128e-05
   5.7930671e+00   2.6636012e-05   1.2821299e-05   4.0450725e-05
   5.8048274e+00   2.5875898e-05   1.2208473e-05   3.9543324e-05
   5.8165877e+00   2.5136226e-05   1.1597883e-05   3.8674570e-05
   5.8283480e+00   2.4397100e-05   1.0961060e-05   3.7833140e-05
   5.8401083e+00   2.3681761e-05   1.0342758e-05   3.7020764e-05
   5.8518686e+00   2.2972414e-05   9.7243980e-06   3.6220431e-05
   5.8636289e+00   2.2279182e-05   9.1212851e-06   3.5437079e-05
   5.8753893e+00   2.1599252e-05   8.5239770e-06   3.4674528e-05
   5.8871496e+00   2.0924996e-05   7.9488278e-06   3.3901165e-05
   5.8989099e+00   2.0276256e-05   7.4008349e-06   3.3151677e-05
   5.9106702e+00   1.9630438e-05   6.8833377e-06   3.2377537e-05
   5.9224305e+00   1.8995934e-05   6.3935166e-06   3.1598351e-05
   5.9341908e+00   1.8371719e-05   5.9259504e-06   3.0817488e-05
   5.9459511e+00   1.7759122e-05   5.4940308e-06   3.0024213e-05
   5.9577114e+00   1.7162779e-05   5.0845513e-06   2.9241007e-05
   5.9694717e+00   1.6571795e-05   4.6981776e-06   2.8445413e-05
   5.9812320e+00   1.5989159e-05   4.3464246e-06   2.7631894e-05
   5.9929923e+00   1.5420153e-05   4.0105811e-06   2.6829726e-05
   6.0047526e+00   1.4861776e-05   3.6927806e-06   2.6030772e-05
   6.0165129e+00   1.4315522e-05   3.3861973e-06   2.5244847e-05
   6.0282732e+00   1.3779266e-05   3.0917741e-06   2.4466759e-05
   6.0400335e+00   1.3250997e-05   2.8067265e-06   2.3695267e-05
   6.0517938e+00   1.2739477e-05   2.5231253e-06   2.2955829e-05
   6.0635541e+00   1.2242014e-05   2.2389138e-06   2.2245115e-05
   6.0753144e+00   1.1757178e-05   1.9580195e-06   2.1556336e-05
   6.0870747e+00   1.1286150e-05   1.6605844e-06   2.0911716e-05
   6.0988350e+00   1.0826949e-05   1.3764715e-06   2.0277427e-05
   6.1105953e+00   1.0380372e-05   1.0856726e-06   1.9675071e-05
   6.1223556e+00   9.9557219e-06   7.9622385e-07   1.9115220e-05
   6.1341159e+00   9.5384756e-06   5.0612924e-07   1.8570822e-05
   6.1458762e+00   9.1408770e-06   2.2827108e-07   1.8053483e-05
   6.1576366e+00   8.7562627e-06   0.0000000e+00   1.7556648e-05
   6.1693969e+00   8.3833063e-06   0.0000000e+00   1.7065726e-05
   6.1811572e+00   8.0231739e-06   0.0000000e+00   1.6593809e-05
   6.1929175e+00   7.6857961e-06   0.0000000e+00   1.6148282e-05
   6.2046778e+00   7.3544564e-06   0.0000000e+00   1.5693414e-05
   6.2164381e+00   7.0354573e-06   0.0000000e+00   1.5243418e-05
   6.2281984e+00   6.7322834e-06   0.0000000e+00   1.4807427e-05
   6.2399587e+00   6.4378417e-06   0.0000000e+00   1.4361305e-05
   6.2517190e+00   6.1589645e-06   0.0000000e+00   1.3918798e-05
   6.2634793e+00   5.8890854e-06   0.0000000e+00   1.3469674e-05
   6.2752396e+00   5.6314161e-06   0.0000000e+00   1.3032330e-05
   6.2869999e+00   5.3839120e-06   0.0000000e+00   1.2586449e-05
   6.2987602e+00   5.1493136e-06   0.0000000e+00   1.2139597e-05
   6.3105205e+00   4.9240056e-06   0.0000000e+00   1.1702529e-05
   6.3222808e+00   4.7089588e-06   0.0000000e+00   1.1261358e-05
   6.3340411e+00   4.5040017e-06   0.0000000e+00   1.0831544e-05
   6.3458014e+00   4.3081438e-06   0.0000000e+00   1.0405913e-05
   6.3575617e+00   4.1218559e-06   0.0000000e+00   9.9807641e-06
   6.3693220e+00   3.9430427e-06   0.0000000e+00   9.5709712e-06
   6.3810823e+00   3.7744498e-06   0.0000000e+00   9.1746964e-06
   6.3928426e+00   3.6138465e-06   0.0000000e+00   8.7860876e-06
   6.4046029e+00   3.4599783e-06   0.0000000e+00   8.4090388e-06
   6.4163632e+00   3.3160612e-06   0.0000000e+00   8.0485273e-06
   6.4281236e+00   3.1787152e-06   0.0000000e+00   7.7052494e-06
   6.4398839e+00   3.0475292e-06   0.0000000e+00   7.3713855e-06
   6.4516442e+00   2.9231756e-06   0.0000000e+00   7.0588421e-06
   6.4634045e+00   2.8070241e-06   0.0000000e+00   6.7652001e-06
   6.4751648e+00   2.6960957e-06   0.0000000e+00   6.4876801e-06
   6.4869251e+00   2.5898282e-06   0.0000000e+00   6.2193032e-06
   6.4986854e+00   2.4912204e-06   0.0000000e+00   5.9740889e-06
   6.5104457e+00   2.3960759e-06   0.0000000e+00   5.7366213e-06
   6.5222060e+00   2.3071825e-06   0.0000000e+00   5.5157605e-06
   6.5339663e+00   2.2245823e-06   0.0000000e+00   5.3133494e-06
   6.5457266e+00   2.1458315e-06   0.0000000e+00   5.1233163e-06
   6.5574869e+00   2.0711198e-06   0.0000000e+00   4.9438350e-06
   6.5692472e+00   2.0031752e-06   0.0000000e+00   4.7820292e-06
   6.5810075e+00   1.9378776e-06   0.0000000e+00   4.6302085e-06
   6.5927678e+00   1.8765234e-06   0.0000000e+00   4.4911814e-06
   6.6045281e+00   1.8186693e-06   0.0000000e+00   4.3583941e-06
   6.6162884e+00   1.7659288e-06   0.0000000e+00   4.2402304e-06
   6.6280487e+00   1.7157800e-06   0.0000000e+00   4.1299074e-06
   6.6398090e+00   1.6691938e-06   0.0000000e+00   4.0274015e-06
   6.6515693e+00   1.6248390e-06   0.0000000e+00   3.9345895e-06
   6.6633296e+00   1.5836860e-06   0.0000000e+00   3.8478586e-06
   6.6750899e+00   1.5449291e-06   0.0000000e+00   3.7682721e-06
   6.6868502e+00   1.5093592e-06   0.0000000e+00   3.6954708e-06
   6.6986105e+00   1.4756002e-06   0.0000000e+00   3.6286084e-06
   6.7103709e+00   1.4444931e-06   0.0000000e+00   3.5680927e-06
   6.7221312e+00   1.4151344e-06   0.0000000e+00   3.5118090e-06
   6.7338915e+00   1.3874674e-06   0.0000000e+00   3.4596754e-06
   6.7456518e+00   1.3619596e-06   0.0000000e+00   3.4142237e-06
   6.7574121e+00   1.3379534e-06   0.0000000e+00   3.3720310e-06
   6.7691724e+00   1.3157385e-06   0.0000000e+00   3.3356263e-06
   6.7809327e+00   1.2950385e-06   0.0000000e+00   3.3022126e-06
   6.7926930e+00   1.2756926e-06   0.0000000e+00   3.2729333e-06
   6.8044533e+00   1.2570036e-06   0.0000000e+00   3.2455699e-06
   6.8162136e+00   1.2408017e-06   0.0000000e+00   3.2253109e-06
   6.8279739e+00   1.2247162e-06   0.0000000e+00   3.2054894e-06
   6.8397342e+00   1.2110917e-06   0.0000000e+00   3.1940940e-06
   6.8514945e+00   1.1978459e-06   0.0000000e+00   3.1823414e-06
   6.8632548e+00   1.1860201e-06   0.0000000e+00   3.1762365e-06
   6.8750151e+00   1.1744772e-06   0.0000000e+00   3.1720176e-06
   6.8867754e+00   1.1651791e-06   0.0000000e+00   3.1727171e-06
   6.8985357e+00   1.1571258e-06   0.0000000e+00   3.1785132e-06
   6.9102960e+00   1.1485652e-06   0.0000000e+00   3.1825760e-06
   6.9220563e+00   1.1433668e-06   0.0000000e+00   3.1963940e-06
   6.9338166e+00   1.1380521e-06   0.0000000e+00   3.2113855e-06
   6.9455769e+00   1.1344899e-06   0.0000000e+00   3.2299739e-06
   6.9573372e+00   1.1300532e-06   0.0000000e+00   3.2440278e-06
   6.9690975e+00   1.1277301e-06   0.0000000e+00   3.2644051e-06
   6.9808579e+00   1.1267379e-06   0.0000000e+00   3.2888563e-06
   6.9926182e+00   1.1262107e-06   0.0000000e+00   3.3119166e-06
   7.0043785e+00   1.1267703e-06   0.0000000e+00   3.3366797e-06
   7.0161388e+00   1.1268329e-06   0.0000000e+00   3.3549164e-06
   7.0278991e+00   1.1285978e-06   0.0000000e+00   3.3811175e-06
   7.0396594e+00   1.1299636e-06   0.0000000e+00   3.4029329e-06
   7.0514197e+00   1.1327091e-06   0.0000000e+00   3.4276778e-06
   7.0631800e+00   1.1339683e-06   0.0000000e+00   3.4458086e-06
   7.0749403e+00   1.1365967e-06   0.0000000e+00   3.4664261e-06
   7.0867006e+00   1.1385527e-06   0.0000000e+00   3.4806096e-06
   7.0984609e+00   1.1399167e-06   0.0000000e+00   3.4947557e-06
   7.1102212e+00   1.1416261e-06   0.0000000e+00   3.5114743e-06
   7.1219815e+00   1.1418988e-06   0.0000000e+00   3.5153357e-06
